47
50
56
69
85
87
91
99
109
119
126
127
130
133
138
139
140
142
149
153
154
155
157
159
161
164
165
166
167
170
174
180
183
184
188
190
191
192
193
194
198
199
200
201
203
204
206
207
208
209
212
213
214
215
217
221
223
225
227
228
233
234
236
238
239
240
242
243
244
248
251
252
253
254
257
258
262
265
267
269
270
272
273
275
276
279
285
295
296
297
299
300
303
304
307
308
313
315
317
318
319
321
322
323
324
326
328
331
332
333
334
335
336
340
341
344
345
350
352
353
355
357
359
361
362
364
365
366
367
370
371
373
374
375
377
378
381
383
384
386
388
389
392
393
394
395
396
398
399
400
405
407
408
410
411
413
414
415
416
419
421
422
423
424
425
427
429
432
433
434
439
443
444
445
448
449
452
455
456
458
461
464
466
471
472
475
478
483
484
485
486
487
488
489
491
492
493
496
497
499
